 -1.5000000e+001 -1.5167826e+002
 -1.4000000e+001 -1.8483299e+002
 -1.3000000e+001 -1.9652847e+002
 -1.2000000e+001 -1.9422822e+002
 -1.1000000e+001 -2.0008416e+002
 -1.0000000e+001 -1.0898694e+002
 -9.0000000e+000 -1.0283494e+002
 -8.0000000e+000 -1.1095155e+002
 -7.0000000e+000 -2.4268680e+001
 -6.0000000e+000  1.5124974e+002
 -5.0000000e+000  1.7372072e+002
 -4.0000000e+000  1.8256831e+002
 -3.0000000e+000  1.9576141e+002
 -2.0000000e+000  1.5792854e+002
 -1.0000000e+000  1.6639385e+002
  0.0000000e+000  1.5012349e+002
  1.0000000e+000  1.5690313e+002
  2.0000000e+000  1.4514920e+002
  3.0000000e+000  1.5850760e+002
  4.0000000e+000  2.0629620e+002
  5.0000000e+000  1.9522120e+002
  6.0000000e+000  1.2467965e+002
  7.0000000e+000 -3.9320261e+001
  8.0000000e+000 -1.2332042e+002
  9.0000000e+000 -1.0644516e+002
  1.0000000e+001 -1.2705983e+002
  1.1000000e+001 -1.8128579e+002
  1.2000000e+001 -1.9004045e+002
  1.3000000e+001 -1.9321367e+002
  1.4000000e+001 -2.1211956e+002
  1.5000000e+001 -1.6349427e+002
